Python 3.8.1 (tags/v3.8.1:1b293b6, Dec 18 2019, 23:11:46) [MSC v.1916 64 bit (AMD64)] on win32
Type "help", "copyright", "credits" or "license()" for more information.
>>> 
================== RESTART: C:\Users\Govind\Desktop\MATRIXE.py =================
4 2
2 2
Not Valid
Not Valid
12 [40, 12] [0]
12 [12, 40] [0]
10 [40, 12] [0]
10 [12, 40] [0]
32 [40, 12] [1]
32 [12, 40] [1]
1 [40, 12] [1]
1 [12, 40] [1]
>>> 
================== RESTART: C:\Users\Govind\Desktop\MATRIXE.py =================
4 2
2 2
Not Valid
Not Valid
12 40
12 12
10 40
10 12
32 12
32 40
1 12
1 40
>>> 
================== RESTART: C:\Users\Govind\Desktop\MATRIXE.py =================
4 2
2 3
Not Valid
Not Valid
12 40
12 12
10 40
10 12
32 12
32 40
1 12
1 40
12 19
12 33
0 19
0 33
>>> 
================== RESTART: C:\Users\Govind\Desktop\MATRIXE.py =================
4 2
2 3
Not Valid
Not Valid
480
144
400
120
384
1280
12
40
228
396
0
0
>>> 
================== RESTART: C:\Users\Govind\Desktop\MATRIXE.py =================
4 3
3 3
Not Valid
Not Valid
480
144
144
400
120
120
240
72
72
384
1280
0
12
40
0
72
240
0
228
396
72
0
0
0
114
198
36
>>> 
================== RESTART: C:\Users\Govind\Desktop\MATRIXE.py =================
4 3
3 3
Not Valid
Not Valid
Traceback (most recent call last):
  File "C:\Users\Govind\Desktop\MATRIXE.py", line 47, in <module>
    if sume==0:
NameError: name 'sume' is not defined
>>> 
================== RESTART: C:\Users\Govind\Desktop\MATRIXE.py =================
4 3
3 3
Not Valid
Not Valid
>>> 
================== RESTART: C:\Users\Govind\Desktop\MATRIXE.py =================
4 3
3 3
Not Valid
Not Valid
1792
3820
4864
>>> 
================== RESTART: C:\Users\Govind\Desktop\MATRIXE.py =================
4 3
3 3
Not Valid
Not Valid
4864
>>> 
================== RESTART: C:\Users\Govind\Desktop\MATRIXE.py =================
4 3
3 3
Not Valid
Not Valid
>>> 
================== RESTART: C:\Users\Govind\Desktop\MATRIXE.py =================
4 3
3 3
Not Valid
Not Valid
[1792, 3820, 4864]
>>> 
================== RESTART: C:\Users\Govind\Desktop\MATRIXE.py =================
4 3
3 3
Not Valid
Not Valid
0 0 & 0 0
0 0 & 1 0
0 0 & 2 0
0 1 & 0 0
0 1 & 1 0
0 1 & 2 0
0 2 & 0 0
0 2 & 1 0
0 2 & 2 0
1 0 & 0 1
1 0 & 1 1
1 0 & 2 1
1 1 & 0 1
1 1 & 1 1
1 1 & 2 1
1 2 & 0 1
1 2 & 1 1
1 2 & 2 1
2 0 & 0 2
2 0 & 1 2
2 0 & 2 2
2 1 & 0 2
2 1 & 1 2
2 1 & 2 2
2 2 & 0 2
2 2 & 1 2
2 2 & 2 2
>>> 
================== RESTART: C:\Users\Govind\Desktop\MATRIXE.py =================
4 3
3 3
Not Valid
Not Valid
Traceback (most recent call last):
  File "C:\Users\Govind\Desktop\MATRIXE.py", line 47, in <module>
    print(i,jj,"&",ii,j)
NameError: name 'ii' is not defined
>>> 
================== RESTART: C:\Users\Govind\Desktop\MATRIXE.py =================
4 3
3 3
Not Valid
Not Valid
0 0 & 0 0
0 0 & 1 0
0 0 & 2 0
0 1 & 0 0
0 1 & 1 0
0 1 & 2 0
0 2 & 0 0
0 2 & 1 0
0 2 & 2 0
1 0 & 0 1
1 0 & 1 1
1 0 & 2 1
1 1 & 0 1
1 1 & 1 1
1 1 & 2 1
1 2 & 0 1
1 2 & 1 1
1 2 & 2 1
2 0 & 0 2
2 0 & 1 2
2 0 & 2 2
2 1 & 0 2
2 1 & 1 2
2 1 & 2 2
2 2 & 0 2
2 2 & 1 2
2 2 & 2 2
>>> 
================== RESTART: C:\Users\Govind\Desktop\MATRIXE.py =================
4 3
3 3
Not Valid
Not Valid
0 0 & 0 0
480
0 0 & 1 0
144
0 0 & 2 0
144
0 1 & 0 0
400
0 1 & 1 0
120
0 1 & 2 0
120
0 2 & 0 0
240
0 2 & 1 0
72
0 2 & 2 0
72
1 0 & 0 1
384
1 0 & 1 1
1280
1 0 & 2 1
0
1 1 & 0 1
12
1 1 & 1 1
40
1 1 & 2 1
0
1 2 & 0 1
72
1 2 & 1 1
240
1 2 & 2 1
0
2 0 & 0 2
228
2 0 & 1 2
396
2 0 & 2 2
72
2 1 & 0 2
0
2 1 & 1 2
0
2 1 & 2 2
0
2 2 & 0 2
114
2 2 & 1 2
198
2 2 & 2 2
36
>>> 
================== RESTART: C:\Users\Govind\Desktop\MATRIXE.py =================
4 3
3 3
Not Valid
Not Valid
0 0 & 0 0
480
0 0 & 1 0
144
0 0 & 2 0
144
0 1 & 0 0
400
0 1 & 1 0
120
0 1 & 2 0
120
0 2 & 0 0
240
0 2 & 1 0
72
0 2 & 2 0
72
1 0 & 0 1
384
1 0 & 1 1
1280
1 0 & 2 1
0
1 1 & 0 1
12
1 1 & 1 1
40
1 1 & 2 1
0
1 2 & 0 1
72
1 2 & 1 1
240
1 2 & 2 1
0
2 0 & 0 2
228
2 0 & 1 2
396
2 0 & 2 2
72
2 1 & 0 2
0
2 1 & 1 2
0
2 1 & 2 2
0
2 2 & 0 2
114
2 2 & 1 2
198
2 2 & 2 2
36
>>> 
================== RESTART: C:\Users\Govind\Desktop\MATRIXE.py =================
4 3
3 3
Not Valid
Not Valid
0 0 & 0 0
480
480
0 0 & 1 0
144
624
0 0 & 2 0
144
768
0 1 & 0 0
400
400
0 1 & 1 0
120
520
0 1 & 2 0
120
640
0 2 & 0 0
240
240
0 2 & 1 0
72
312
0 2 & 2 0
72
384
1 0 & 0 1
384
384
1 0 & 1 1
1280
1664
1 0 & 2 1
0
1664
1 1 & 0 1
12
12
1 1 & 1 1
40
52
1 1 & 2 1
0
52
1 2 & 0 1
72
72
1 2 & 1 1
240
312
1 2 & 2 1
0
312
2 0 & 0 2
228
228
2 0 & 1 2
396
624
2 0 & 2 2
72
696
2 1 & 0 2
0
0
2 1 & 1 2
0
0
2 1 & 2 2
0
0
2 2 & 0 2
114
114
2 2 & 1 2
198
312
2 2 & 2 2
36
348
>>> 
================== RESTART: C:\Users\Govind\Desktop\MATRIXE.py =================
4 3
3 3
Not Valid
Not Valid
0 0 & 0 0
480
480
0 0 & 1 0
144
144
0 0 & 2 0
144
144
0 1 & 0 0
400
400
0 1 & 1 0
120
120
0 1 & 2 0
120
120
0 2 & 0 0
240
240
0 2 & 1 0
72
72
0 2 & 2 0
72
72
1 0 & 0 1
384
384
1 0 & 1 1
1280
1280
1 0 & 2 1
0
0
1 1 & 0 1
12
12
1 1 & 1 1
40
40
1 1 & 2 1
0
0
1 2 & 0 1
72
72
1 2 & 1 1
240
240
1 2 & 2 1
0
0
2 0 & 0 2
228
228
2 0 & 1 2
396
396
2 0 & 2 2
72
72
2 1 & 0 2
0
0
2 1 & 1 2
0
0
2 1 & 2 2
0
0
2 2 & 0 2
114
114
2 2 & 1 2
198
198
2 2 & 2 2
36
36
>>> 
================== RESTART: C:\Users\Govind\Desktop\MATRIXE.py =================
4 3
3 3
Not Valid
Not Valid
0 0 & 0 0
480
480
0 0 & 1 0
144
144
0 0 & 2 0
144
144
144
0 1 & 0 0
400
400
0 1 & 1 0
120
120
0 1 & 2 0
120
120
120
0 2 & 0 0
240
240
0 2 & 1 0
72
72
0 2 & 2 0
72
72
72
1 0 & 0 1
384
384
1 0 & 1 1
1280
1280
1 0 & 2 1
0
0
0
1 1 & 0 1
12
12
1 1 & 1 1
40
40
1 1 & 2 1
0
0
0
1 2 & 0 1
72
72
1 2 & 1 1
240
240
1 2 & 2 1
0
0
0
2 0 & 0 2
228
228
2 0 & 1 2
396
396
2 0 & 2 2
72
72
72
2 1 & 0 2
0
0
2 1 & 1 2
0
0
2 1 & 2 2
0
0
0
2 2 & 0 2
114
114
2 2 & 1 2
198
198
2 2 & 2 2
36
36
36
>>> 
================== RESTART: C:\Users\Govind\Desktop\MATRIXE.py =================
4 3
3 3
Not Valid
Not Valid
0 0 & 0 0
480
480
0 0 & 1 0
144
144
0 0 & 2 0
144
144
144
0 1 & 0 0
400
400
0 1 & 1 0
120
120
0 1 & 2 0
120
120
120
0 2 & 0 0
240
240
0 2 & 1 0
72
72
0 2 & 2 0
72
72
72
1 0 & 0 1
384
384
1 0 & 1 1
1280
1280
1 0 & 2 1
0
0
0
1 1 & 0 1
12
12
1 1 & 1 1
40
40
1 1 & 2 1
0
0
0
1 2 & 0 1
72
72
1 2 & 1 1
240
240
1 2 & 2 1
0
0
0
2 0 & 0 2
228
228
2 0 & 1 2
396
396
2 0 & 2 2
72
72
72
2 1 & 0 2
0
0
2 1 & 1 2
0
0
2 1 & 2 2
0
0
0
2 2 & 0 2
114
114
2 2 & 1 2
198
198
2 2 & 2 2
36
36
36
>>> 
================== RESTART: C:\Users\Govind\Desktop\MATRIXE.py =================
4 3
3 3
Not Valid
Not Valid
0 0 & 0 0
480
480
0 0 & 1 0
144
144
0 0 & 2 0
144
144
0 1 & 0 0
400
400
0 1 & 1 0
120
120
0 1 & 2 0
120
120
0 2 & 0 0
240
240
0 2 & 1 0
72
72
0 2 & 2 0
72
72
1 0 & 0 1
384
384
1 0 & 1 1
1280
1280
1 0 & 2 1
0
0
1 1 & 0 1
12
12
1 1 & 1 1
40
40
1 1 & 2 1
0
0
1 2 & 0 1
72
72
1 2 & 1 1
240
240
1 2 & 2 1
0
0
2 0 & 0 2
228
228
2 0 & 1 2
396
396
2 0 & 2 2
72
72
2 1 & 0 2
0
0
2 1 & 1 2
0
0
2 1 & 2 2
0
0
2 2 & 0 2
114
114
2 2 & 1 2
198
198
2 2 & 2 2
36
36
>>> 
================== RESTART: C:\Users\Govind\Desktop\MATRIXE.py =================
4 3
3 3
Not Valid
Not Valid
0 0 & 0 0
480
480
0 0 & 1 0
144
144
0 0 & 2 0
144
144
0 1 & 0 0
400
400
0 1 & 1 0
120
120
0 1 & 2 0
120
120
0 2 & 0 0
240
240
0 2 & 1 0
72
72
0 2 & 2 0
72
72
1 0 & 0 1
384
384
1 0 & 1 1
1280
1280
1 0 & 2 1
0
0
1 1 & 0 1
12
12
1 1 & 1 1
40
40
1 1 & 2 1
0
0
1 2 & 0 1
72
72
1 2 & 1 1
240
240
1 2 & 2 1
0
0
2 0 & 0 2
228
228
2 0 & 1 2
396
396
2 0 & 2 2
72
72
2 1 & 0 2
0
0
2 1 & 1 2
0
0
2 1 & 2 2
0
0
2 2 & 0 2
114
114
2 2 & 1 2
198
198
2 2 & 2 2
36
36
>>> 
================== RESTART: C:\Users\Govind\Desktop\MATRIXE.py =================
4 3
3 3
Not Valid
Not Valid
0 0 & 0 0
480
480
0 0 & 1 0
144
144
0 0 & 2 0
144
144
0 1 & 0 0
400
400
0 1 & 1 0
120
120
0 1 & 2 0
120
120
0 2 & 0 0
240
240
0 2 & 1 0
72
72
0 2 & 2 0
72
72
1 0 & 0 1
384
384
1 0 & 1 1
1280
1280
1 0 & 2 1
0
0
1 1 & 0 1
12
12
1 1 & 1 1
40
40
1 1 & 2 1
0
0
1 2 & 0 1
72
72
1 2 & 1 1
240
240
1 2 & 2 1
0
0
2 0 & 0 2
228
228
2 0 & 1 2
396
396
2 0 & 2 2
72
72
2 1 & 0 2
0
0
2 1 & 1 2
0
0
2 1 & 2 2
0
0
2 2 & 0 2
114
114
2 2 & 1 2
198
198
2 2 & 2 2
36
36
>>> 
================== RESTART: C:\Users\Govind\Desktop\MATRIXE.py =================
4 3
3 3
Not Valid
Not Valid
0 0 & 0 0
480
480
0 0 & 1 0
144
144
0 0 & 2 0
144
144
0 1 & 0 0
400
400
0 1 & 1 0
120
120
0 1 & 2 0
120
120
0 2 & 0 0
240
240
0 2 & 1 0
72
72
0 2 & 2 0
72
72
1 0 & 0 1
384
384
1 0 & 1 1
1280
1280
1 0 & 2 1
0
0
1 1 & 0 1
12
12
1 1 & 1 1
40
40
1 1 & 2 1
0
0
1 2 & 0 1
72
72
1 2 & 1 1
240
240
1 2 & 2 1
0
0
2 0 & 0 2
228
228
2 0 & 1 2
396
396
2 0 & 2 2
72
72
2 1 & 0 2
0
0
2 1 & 1 2
0
0
2 1 & 2 2
0
0
2 2 & 0 2
114
114
2 2 & 1 2
198
198
2 2 & 2 2
36
36
>>> 
================== RESTART: C:\Users\Govind\Desktop\MATRIXE.py =================
4 3
3 3
Not Valid
Not Valid
0 0 & 0 0
480
0 0 & 1 0
144
0 0 & 2 0
144
0 1 & 0 0
400
0 1 & 1 0
120
0 1 & 2 0
120
0 2 & 0 0
240
0 2 & 1 0
72
0 2 & 2 0
72
1 0 & 0 1
384
1 0 & 1 1
1280
1 0 & 2 1
0
1 1 & 0 1
12
1 1 & 1 1
40
1 1 & 2 1
0
1 2 & 0 1
72
1 2 & 1 1
240
1 2 & 2 1
0
2 0 & 0 2
228
2 0 & 1 2
396
2 0 & 2 2
72
2 1 & 0 2
0
2 1 & 1 2
0
2 1 & 2 2
0
2 2 & 0 2
114
2 2 & 1 2
198
2 2 & 2 2
36
>>> 
================== RESTART: C:\Users\Govind\Desktop\MATRIXE.py =================
4 3
3 3
Not Valid
Not Valid
0 0 & 0 0
12 40
480
0 0 & 1 0
12 12
144
0 0 & 2 0
12 12
144
0 1 & 0 0
10 40
400
0 1 & 1 0
10 12
120
0 1 & 2 0
10 12
120
0 2 & 0 0
6 40
240
0 2 & 1 0
6 12
72
0 2 & 2 0
6 12
72
1 0 & 0 1
32 12
384
1 0 & 1 1
32 40
1280
1 0 & 2 1
32 0
0
1 1 & 0 1
1 12
12
1 1 & 1 1
1 40
40
1 1 & 2 1
1 0
0
1 2 & 0 1
6 12
72
1 2 & 1 1
6 40
240
1 2 & 2 1
6 0
0
2 0 & 0 2
12 19
228
2 0 & 1 2
12 33
396
2 0 & 2 2
12 6
72
2 1 & 0 2
0 19
0
2 1 & 1 2
0 33
0
2 1 & 2 2
0 6
0
2 2 & 0 2
6 19
114
2 2 & 1 2
6 33
198
2 2 & 2 2
6 6
36
>>> 
================== RESTART: C:\Users\Govind\Desktop\MATRIXE.py =================
4 3
3 3
Not Valid
Not Valid

0 0 & 0 0
12 40
480
0 0 & 1 0
12 12
144
0 0 & 2 0
12 12
144

0 1 & 0 0
10 40
400
0 1 & 1 0
10 12
120
0 1 & 2 0
10 12
120

0 2 & 0 0
6 40
240
0 2 & 1 0
6 12
72
0 2 & 2 0
6 12
72

1 0 & 0 1
32 12
384
1 0 & 1 1
32 40
1280
1 0 & 2 1
32 0
0

1 1 & 0 1
1 12
12
1 1 & 1 1
1 40
40
1 1 & 2 1
1 0
0

1 2 & 0 1
6 12
72
1 2 & 1 1
6 40
240
1 2 & 2 1
6 0
0

2 0 & 0 2
12 19
228
2 0 & 1 2
12 33
396
2 0 & 2 2
12 6
72

2 1 & 0 2
0 19
0
2 1 & 1 2
0 33
0
2 1 & 2 2
0 6
0

2 2 & 0 2
6 19
114
2 2 & 1 2
6 33
198
2 2 & 2 2
6 6
36
>>> 
================== RESTART: C:\Users\Govind\Desktop\MATRIXE.py =================
4 3
3 3
Not Valid
Not Valid
0 0 & 0 0
12 40
480
0 0 & 1 0
12 12
144
0 0 & 2 0
12 12
144

0 1 & 0 0
10 40
400
0 1 & 1 0
10 12
120
0 1 & 2 0
10 12
120

0 2 & 0 0
6 40
240
0 2 & 1 0
6 12
72
0 2 & 2 0
6 12
72

1 0 & 0 1
32 12
384
1 0 & 1 1
32 40
1280
1 0 & 2 1
32 0
0

1 1 & 0 1
1 12
12
1 1 & 1 1
1 40
40
1 1 & 2 1
1 0
0

1 2 & 0 1
6 12
72
1 2 & 1 1
6 40
240
1 2 & 2 1
6 0
0

2 0 & 0 2
12 19
228
2 0 & 1 2
12 33
396
2 0 & 2 2
12 6
72

2 1 & 0 2
0 19
0
2 1 & 1 2
0 33
0
2 1 & 2 2
0 6
0

2 2 & 0 2
6 19
114
2 2 & 1 2
6 33
198
2 2 & 2 2
6 6
36

>>> 
================== RESTART: C:\Users\Govind\Desktop\MATRIXE.py =================
4 3
3 3
Not Valid
Not Valid
0 0 & 0 0
12 40
480
0 0 & 1 0
12 12
144
0 0 & 2 0
12 12
144

0 1 & 0 0
10 40
400
0 1 & 1 0
10 12
120
0 1 & 2 0
10 12
120

0 2 & 0 0
6 40
240
0 2 & 1 0
6 12
72
0 2 & 2 0
6 12
72

1 0 & 0 1
32 12
384
1 0 & 1 1
32 40
1280
1 0 & 2 1
32 0
0

1 1 & 0 1
1 12
12
1 1 & 1 1
1 40
40
1 1 & 2 1
1 0
0

1 2 & 0 1
6 12
72
1 2 & 1 1
6 40
240
1 2 & 2 1
6 0
0

2 0 & 0 2
12 19
228
2 0 & 1 2
12 33
396
2 0 & 2 2
12 6
72

2 1 & 0 2
0 19
0
2 1 & 1 2
0 33
0
2 1 & 2 2
0 6
0

2 2 & 0 2
6 19
114
2 2 & 1 2
6 33
198
2 2 & 2 2
6 6
36

>>> 
================== RESTART: C:\Users\Govind\Desktop\MATRIXE.py =================
4 3
3 3
Not Valid
Not Valid
0 0 & 0 0
12 40
480
0 0 & 1 0
12 12
144
0 0 & 2 0
12 12
144
768

0 1 & 0 0
10 40
400
0 1 & 1 0
10 12
120
0 1 & 2 0
10 12
120
640

0 2 & 0 0
6 40
240
0 2 & 1 0
6 12
72
0 2 & 2 0
6 12
72
384

1 0 & 0 1
32 12
384
1 0 & 1 1
32 40
1280
1 0 & 2 1
32 0
0
1664

1 1 & 0 1
1 12
12
1 1 & 1 1
1 40
40
1 1 & 2 1
1 0
0
52

1 2 & 0 1
6 12
72
1 2 & 1 1
6 40
240
1 2 & 2 1
6 0
0
312

2 0 & 0 2
12 19
228
2 0 & 1 2
12 33
396
2 0 & 2 2
12 6
72
696

2 1 & 0 2
0 19
0
2 1 & 1 2
0 33
0
2 1 & 2 2
0 6
0
0

2 2 & 0 2
6 19
114
2 2 & 1 2
6 33
198
2 2 & 2 2
6 6
36
348

>>> 
===== RESTART: C:/Users/Govind/Desktop/MATRIXE _ multiplicationmilestone.py ====
4 3
3 3
Not Valid
Not Valid
0 0 & 0 0
12 40
480
0 0 & 1 0
12 12
144
0 0 & 2 0
12 12
144
768

0 1 & 0 0
10 40
400
0 1 & 1 0
10 12
120
0 1 & 2 0
10 12
120
640

0 2 & 0 0
6 40
240
0 2 & 1 0
6 12
72
0 2 & 2 0
6 12
72
384

1 0 & 0 1
32 12
384
1 0 & 1 1
32 40
1280
1 0 & 2 1
32 0
0
1664

1 1 & 0 1
1 12
12
1 1 & 1 1
1 40
40
1 1 & 2 1
1 0
0
52

1 2 & 0 1
6 12
72
1 2 & 1 1
6 40
240
1 2 & 2 1
6 0
0
312

2 0 & 0 2
12 19
228
2 0 & 1 2
12 33
396
2 0 & 2 2
12 6
72
696

2 1 & 0 2
0 19
0
2 1 & 1 2
0 33
0
2 1 & 2 2
0 6
0
0

2 2 & 0 2
6 19
114
2 2 & 1 2
6 33
198
2 2 & 2 2
6 6
36
348

>>> 